0 0.238208 0.423611 0.055031 0.047222
0 0.173742 0.481944 0.048742 0.041667
0 0.161164 0.545833 0.048742 0.075000
0 0.144654 0.633333 0.066038 0.077778
0 0.114780 0.793056 0.075472 0.130556
0 0.084119 0.968056 0.102201 0.063889
0 0.349843 0.741667 0.111635 0.088889
0 0.361635 0.838889 0.135220 0.100000
0 0.381289 0.948611 0.146226 0.097222
0 0.318396 0.534722 0.048742 0.097222
0 0.327830 0.450000 0.051887 0.050000
0 0.494497 0.440278 0.067610 0.052778
0 0.574686 0.440278 0.061321 0.069444
0 0.650943 0.444444 0.078616 0.050000
0 0.728774 0.443056 0.055031 0.058333
0 0.823113 0.465278 0.070755 0.058333
0 0.882075 0.440278 0.056604 0.052778
0 0.785377 0.831944 0.077044 0.141667
0 0.972484 0.916667 0.055031 0.105556
0 0.539308 0.943056 0.044025 0.058333
0 0.532233 0.977778 0.036164 0.033333
0 0.519654 0.877778 0.039308 0.055556
0 0.639937 0.973611 0.047170 0.047222
