0 0.253145 0.579167 0.084906 0.108333
0 0.573113 0.673611 0.149371 0.147222
0 0.924528 0.726389 0.150943 0.152778
0 0.489780 0.462500 0.055031 0.063889
0 0.438679 0.391667 0.044025 0.061111
0 0.396226 0.336111 0.050314 0.050000
0 0.360849 0.277778 0.033019 0.044444
0 0.326258 0.231944 0.042453 0.041667
0 0.305031 0.188889 0.037736 0.033333
0 0.125786 0.520833 0.066038 0.047222
0 0.085692 0.477778 0.055031 0.033333
0 0.064465 0.420833 0.053459 0.036111
0 0.078616 0.456944 0.047170 0.013889
0 0.051101 0.379167 0.039308 0.030556
