0 0.106918 0.468056 0.081761 0.075000
0 0.295597 0.508333 0.100629 0.055556
0 0.558962 0.541667 0.092767 0.077778
0 0.838050 0.581944 0.094340 0.091667
0 0.853774 0.929167 0.292453 0.125000
0 0.389937 0.709722 0.232704 0.269444
0 0.387579 0.395833 0.061321 0.063889
0 0.465409 0.463889 0.056604 0.038889
0 0.324686 0.313889 0.058176 0.066667
0 0.269654 0.238889 0.051887 0.055556
0 0.224057 0.183333 0.045597 0.055556
0 0.181604 0.125000 0.039308 0.044444
0 0.150943 0.076389 0.040881 0.047222
0 0.120283 0.036111 0.042453 0.027778
