0 0.443396 0.368056 0.047170 0.047222
0 0.496069 0.431944 0.051887 0.052778
0 0.545597 0.509722 0.062893 0.075000
0 0.604560 0.598611 0.067610 0.091667
0 0.677673 0.701389 0.072327 0.102778
0 0.775157 0.838889 0.097484 0.105556
0 0.877358 0.965278 0.094340 0.069444
0 0.328616 0.936111 0.182390 0.105556
0 0.149371 0.869444 0.144654 0.105556
0 0.073113 0.751389 0.061321 0.097222
0 0.070755 0.662500 0.075472 0.075000
0 0.054245 0.604167 0.070755 0.030556
0 0.051887 0.573611 0.069182 0.036111
0 0.041667 0.538889 0.058176 0.027778
