0 0.467767 0.697222 0.187107 0.194444
0 0.721698 0.588889 0.132075 0.138889
0 0.864780 0.543056 0.119497 0.108333
0 0.858491 0.422222 0.053459 0.044444
0 0.933176 0.398611 0.061321 0.058333
0 0.982704 0.375000 0.034591 0.050000
0 0.778302 0.448611 0.056604 0.052778
0 0.669811 0.479167 0.069182 0.058333
0 0.522013 0.523611 0.081761 0.058333
0 0.075472 0.837500 0.147799 0.230556
0 0.695755 0.345833 0.073899 0.052778
0 0.781447 0.340278 0.066038 0.047222
0 0.839623 0.331944 0.053459 0.047222
0 0.898585 0.325000 0.058176 0.033333
0 0.941824 0.316667 0.040881 0.033333
0 0.980346 0.309722 0.036164 0.047222
