0 0.179245 0.459722 0.044025 0.052778
0 0.166667 0.513889 0.047170 0.055556
0 0.151730 0.605556 0.051887 0.094444
0 0.120283 0.720833 0.077044 0.119444
0 0.094340 0.911111 0.097484 0.144444
0 0.312893 0.515278 0.053459 0.080556
0 0.337264 0.676389 0.099057 0.080556
0 0.352201 0.759722 0.116352 0.075000
0 0.367138 0.866667 0.133648 0.116667
0 0.394654 0.973611 0.150943 0.052778
0 0.509434 0.861111 0.040881 0.055556
0 0.534591 0.909722 0.044025 0.047222
0 0.521226 0.966667 0.036164 0.050000
0 0.640723 0.973611 0.042453 0.052778
0 0.717767 0.758333 0.064465 0.105556
0 0.830975 0.872222 0.092767 0.133333
0 0.894654 0.472222 0.069182 0.044444
0 0.952044 0.445833 0.058176 0.063889
0 0.804245 0.452778 0.055031 0.055556
0 0.729560 0.459722 0.062893 0.058333
0 0.650157 0.431944 0.039308 0.052778
0 0.569182 0.448611 0.056604 0.041667
0 0.505503 0.420833 0.042453 0.025000
0 0.386792 0.433333 0.066038 0.038889
0 0.322327 0.413889 0.053459 0.033333
