0 0.066038 0.393056 0.044025 0.047222
0 0.103774 0.444444 0.062893 0.083333
0 0.157233 0.545833 0.100629 0.125000
0 0.235849 0.429167 0.066038 0.113889
0 0.177673 0.379167 0.044025 0.075000
0 0.308176 0.484722 0.078616 0.080556
0 0.407233 0.576389 0.119497 0.136111
0 0.538522 0.680556 0.124214 0.172222
0 0.411950 0.894444 0.276730 0.188889
0 0.643082 0.805556 0.091195 0.227778
0 0.765723 0.862500 0.122642 0.236111
0 0.923742 0.927778 0.143082 0.144444
0 0.783019 0.580556 0.125786 0.155556
0 0.918239 0.497222 0.138365 0.144444
0 0.654088 0.390278 0.110063 0.080556
0 0.625786 0.491667 0.103774 0.122222
0 0.528302 0.350000 0.081761 0.066667
0 0.514151 0.429167 0.062893 0.069444
0 0.422170 0.391667 0.051887 0.066667
0 0.440252 0.325000 0.066038 0.055556
0 0.374214 0.297222 0.053459 0.055556
0 0.374214 0.243056 0.044025 0.030556
0 0.321541 0.280556 0.042453 0.044444
0 0.327044 0.237500 0.037736 0.030556
0 0.297956 0.329167 0.051887 0.052778
0 0.253931 0.311111 0.039308 0.066667
0 0.278302 0.265278 0.028302 0.036111
0 0.283019 0.229167 0.037736 0.025000
0 0.135220 0.354167 0.031447 0.063889
0 0.109277 0.327778 0.023585 0.055556
0 0.220126 0.234722 0.047170 0.030556
0 0.154088 0.240278 0.044025 0.025000
0 0.104560 0.241667 0.029874 0.022222
