0 0.406447 0.791667 0.086478 0.094444
0 0.486635 0.434722 0.029874 0.047222
0 0.513365 0.483333 0.033019 0.038889
0 0.547956 0.529167 0.036164 0.041667
0 0.584119 0.586111 0.042453 0.055556
0 0.633648 0.661111 0.050314 0.055556
0 0.691824 0.743056 0.053459 0.069444
0 0.754717 0.823611 0.053459 0.036111
0 0.878931 0.933333 0.154088 0.116667
0 0.599843 0.858333 0.127358 0.111111
0 0.293239 0.727778 0.058176 0.038889
0 0.260220 0.694444 0.055031 0.050000
0 0.236635 0.636111 0.036164 0.066667
0 0.238208 0.586111 0.039308 0.022222
