0 0.474057 0.422222 0.029874 0.038889
0 0.504717 0.461111 0.031447 0.038889
0 0.532233 0.508333 0.039308 0.050000
0 0.574686 0.566667 0.042453 0.050000
0 0.617138 0.640278 0.048742 0.069444
0 0.672956 0.722222 0.053459 0.072222
0 0.738994 0.801389 0.056604 0.069444
0 0.910377 0.931944 0.144654 0.119444
0 0.628145 0.866667 0.121069 0.127778
0 0.302673 0.733333 0.070755 0.061111
0 0.272013 0.681944 0.066038 0.041667
0 0.238208 0.648611 0.045597 0.030556
0 0.240566 0.619444 0.044025 0.033333
0 0.235849 0.577778 0.040881 0.027778
0 0.218553 0.547222 0.022013 0.033333
