0 0.213836 0.688889 0.084906 0.111111
0 0.102201 0.612500 0.069182 0.058333
0 0.054245 0.550000 0.064465 0.061111
0 0.044811 0.495833 0.048742 0.036111
0 0.038522 0.459722 0.055031 0.041667
0 0.026730 0.423611 0.047170 0.030556
0 0.286950 0.234722 0.045597 0.030556
0 0.309748 0.277778 0.044025 0.038889
0 0.338050 0.325000 0.040881 0.038889
0 0.371855 0.377778 0.051887 0.055556
0 0.417453 0.445833 0.051887 0.069444
0 0.471698 0.518056 0.053459 0.069444
0 0.408805 0.744444 0.106918 0.122222
0 0.534591 0.604167 0.059748 0.080556
0 0.670597 0.816667 0.127358 0.155556
0 0.969340 0.868056 0.061321 0.147222
0 0.606918 0.704167 0.050314 0.052778
