0 0.303459 0.793056 0.191824 0.252778
0 0.122642 0.473611 0.066038 0.108333
0 0.071541 0.393056 0.058176 0.075000
0 0.231918 0.422222 0.061321 0.083333
0 0.300314 0.477778 0.091195 0.105556
0 0.410377 0.559722 0.119497 0.136111
0 0.530660 0.683333 0.121069 0.205556
0 0.643868 0.812500 0.092767 0.241667
0 0.782233 0.875000 0.105346 0.244444
0 0.922956 0.916667 0.122642 0.166667
0 0.984277 0.679167 0.031447 0.175000
0 0.911164 0.495833 0.139937 0.141667
0 0.801887 0.573611 0.100629 0.141667
0 0.661164 0.395833 0.102201 0.097222
0 0.581761 0.470833 0.106918 0.108333
0 0.475629 0.415278 0.083333 0.102778
0 0.531447 0.347222 0.084906 0.072222
0 0.440252 0.320833 0.072327 0.063889
0 0.402516 0.373611 0.056604 0.080556
0 0.339623 0.338889 0.040881 0.061111
0 0.371855 0.288889 0.055031 0.061111
0 0.289308 0.319444 0.037736 0.050000
0 0.317610 0.272222 0.047170 0.050000
0 0.276730 0.259722 0.037736 0.036111
0 0.249214 0.297222 0.042453 0.055556
0 0.178459 0.372222 0.064465 0.072222
0 0.144654 0.337500 0.050314 0.047222
0 0.298742 0.218056 0.040881 0.030556
0 0.231918 0.227778 0.042453 0.033333
0 0.200472 0.286111 0.036164 0.061111
0 0.175314 0.233333 0.045597 0.044444
