0 0.073113 0.854167 0.143082 0.241667
0 0.411164 0.713889 0.196541 0.205556
0 0.696541 0.606944 0.163522 0.158333
0 0.520440 0.526389 0.081761 0.080556
0 0.663522 0.481944 0.069182 0.047222
0 0.782233 0.454167 0.070755 0.058333
0 0.697327 0.356944 0.070755 0.052778
0 0.779874 0.336111 0.066038 0.044444
0 0.842767 0.337500 0.059748 0.041667
0 0.893868 0.325000 0.051887 0.044444
0 0.941824 0.311111 0.040881 0.044444
0 0.979560 0.312500 0.031447 0.041667
0 0.959119 0.488889 0.081761 0.116667
0 0.864780 0.530556 0.119497 0.116667
0 0.854560 0.423611 0.055031 0.041667
0 0.933176 0.393056 0.064465 0.063889
0 0.982704 0.380556 0.031447 0.066667
