0 0.273585 0.412500 0.053459 0.036111
0 0.314465 0.522222 0.050314 0.088889
0 0.354560 0.443056 0.055031 0.052778
0 0.531447 0.436111 0.062893 0.038889
0 0.621069 0.437500 0.062893 0.047222
0 0.694969 0.461111 0.066038 0.044444
0 0.763365 0.443056 0.055031 0.058333
0 0.856918 0.459722 0.069182 0.058333
0 0.917453 0.444444 0.055031 0.055556
0 0.750786 0.790278 0.073899 0.113889
0 0.897799 0.902778 0.088050 0.127778
0 0.374214 0.927778 0.135220 0.144444
0 0.513365 0.869444 0.039308 0.055556
0 0.536950 0.918056 0.036164 0.036111
0 0.522799 0.970833 0.036164 0.036111
0 0.644654 0.970833 0.037736 0.041667
0 0.363994 0.801389 0.136792 0.097222
0 0.346698 0.702778 0.117925 0.094444
0 0.174528 0.465278 0.044025 0.052778
0 0.165881 0.531944 0.048742 0.075000
0 0.145440 0.619444 0.070755 0.094444
0 0.121069 0.761111 0.075472 0.127778
0 0.095126 0.948611 0.102201 0.102778
