0 0.410547 0.720833 0.063281 0.130556
0 0.413672 0.284028 0.058594 0.095833
0 0.495312 0.461806 0.070312 0.151389
0 0.565234 0.253472 0.044531 0.070833
0 0.587500 0.190972 0.025000 0.040278
0 0.539062 0.133333 0.029687 0.033333
0 0.604297 0.138194 0.019531 0.048611
0 0.783984 0.541667 0.064844 0.061111
0 0.476953 0.231250 0.032031 0.031944
0 0.551172 0.091667 0.024219 0.027778
0 0.499609 0.065972 0.019531 0.023611
1 0.539453 0.334722 0.060156 0.063889
1 0.453516 0.264583 0.032031 0.070833
1 0.793359 0.624306 0.050781 0.051389
