0 0.200472 0.236111 0.042453 0.033333
0 0.135220 0.237500 0.031447 0.030556
0 0.110849 0.327778 0.023585 0.061111
0 0.134434 0.344444 0.033019 0.083333
0 0.172170 0.368056 0.055031 0.069444
0 0.227987 0.415278 0.059748 0.086111
0 0.301887 0.484722 0.091195 0.097222
0 0.412736 0.575000 0.114780 0.138889
0 0.539308 0.698611 0.122642 0.163889
0 0.647799 0.795833 0.081761 0.219444
0 0.767296 0.877778 0.119497 0.227778
0 0.919025 0.925000 0.136792 0.150000
0 0.975629 0.666667 0.048742 0.144444
0 0.919811 0.504167 0.147799 0.136111
0 0.737421 0.554167 0.132075 0.147222
0 0.652516 0.390278 0.100629 0.091667
0 0.594340 0.475000 0.094340 0.100000
0 0.529874 0.348611 0.075472 0.063889
0 0.486635 0.415278 0.055031 0.075000
0 0.406447 0.380556 0.055031 0.061111
0 0.441038 0.326389 0.064465 0.063889
0 0.371069 0.297222 0.056604 0.055556
0 0.351415 0.248611 0.042453 0.036111
0 0.321541 0.281944 0.039308 0.047222
0 0.285377 0.325000 0.039308 0.066667
0 0.334119 0.352778 0.048742 0.055556
0 0.144654 0.537500 0.091195 0.136111
0 0.386792 0.887500 0.198113 0.225000
0 0.097484 0.445833 0.066038 0.086111
0 0.072327 0.388889 0.047170 0.038889
0 0.237421 0.301389 0.034591 0.052778
0 0.274371 0.263889 0.036164 0.044444
