0 0.327830 0.468056 0.061321 0.075000
0 0.643868 0.663889 0.058176 0.094444
0 0.710692 0.738889 0.059748 0.100000
0 0.775157 0.450000 0.056604 0.044444
0 0.845126 0.461111 0.064465 0.044444
0 0.913522 0.444444 0.062893 0.055556
0 0.986635 0.458333 0.023585 0.055556
0 0.676101 0.444444 0.062893 0.033333
0 0.623428 0.434722 0.036164 0.041667
0 0.529874 0.430556 0.056604 0.033333
0 0.317610 0.577778 0.100629 0.055556
0 0.330975 0.650000 0.102201 0.061111
0 0.343553 0.726389 0.124214 0.069444
0 0.370283 0.829167 0.130503 0.102778
0 0.382862 0.947222 0.143082 0.105556
0 0.091981 0.948611 0.105346 0.086111
0 0.120283 0.761111 0.077044 0.111111
0 0.144654 0.623611 0.066038 0.086111
0 0.165094 0.538889 0.047170 0.066667
0 0.174528 0.479167 0.047170 0.052778
0 0.265723 0.415278 0.053459 0.025000
0 0.648585 0.972222 0.045597 0.038889
0 0.558176 0.969444 0.040881 0.055556
0 0.519654 0.927778 0.033019 0.066667
0 0.529088 0.865278 0.036164 0.047222
